   1.2600000e+02   2.3400000e+02   2.0000000e+02   3.0500000e+02
   6.9000000e+01   6.9000000e+01   2.5900000e+02   3.3900000e+02
   7.3000000e+01   7.0000000e+01   3.0300000e+02   3.2000000e+02
   0.0000000e+00   6.6000000e+01   4.7800000e+02   3.5800000e+02
   1.9900000e+02   6.0000000e+01   4.7800000e+02   3.1400000e+02
   9.6000000e+01   6.0000000e+01   4.7800000e+02   3.2800000e+02
   7.5000000e+01   2.2000000e+01   2.6000000e+02   3.0600000e+02
   0.0000000e+00   4.8000000e+01   2.8200000e+02   3.2600000e+02
   1.1300000e+02   4.8000000e+01   2.8700000e+02   3.1400000e+02
   1.1400000e+02   1.8000000e+02   2.1400000e+02   3.2500000e+02
   8.1000000e+01   2.2000000e+01   4.1800000e+02   3.2800000e+02
   1.1800000e+02   2.2300000e+02   2.0100000e+02   3.1900000e+02
   9.3000000e+01   1.5400000e+02   2.9600000e+02   3.4000000e+02
   6.3000000e+01   7.4000000e+01   2.1900000e+02   3.2400000e+02
   1.1400000e+02   2.3400000e+02   2.1500000e+02   3.0400000e+02
   1.1100000e+02   5.8000000e+01   3.8400000e+02   3.2800000e+02
   1.5700000e+02   6.0000000e+01   4.3900000e+02   3.2800000e+02
   0.0000000e+00   7.5000000e+01   2.1800000e+02   3.4400000e+02
   0.0000000e+00   1.4600000e+02   4.7800000e+02   3.5800000e+02
   5.3000000e+01   7.0000000e+01   3.0900000e+02   2.7100000e+02
   3.3000000e+01   4.5000000e+01   2.6000000e+02   2.6900000e+02
   6.9000000e+01   7.4000000e+01   2.5900000e+02   2.6300000e+02
   1.1200000e+02   8.1000000e+01   2.1800000e+02   3.0400000e+02
   2.0400000e+02   7.0000000e+01   4.2100000e+02   2.7300000e+02
   0.0000000e+00   1.5000000e+02   2.1800000e+02   3.2600000e+02
   2.0600000e+02   1.1300000e+02   4.7800000e+02   3.0700000e+02
   7.9000000e+01   1.2800000e+02   2.1400000e+02   3.2600000e+02
   3.6000000e+01   7.5000000e+01   3.6400000e+02   3.1300000e+02
   8.0000000e+01   1.1300000e+02   4.7800000e+02   3.3900000e+02
   9.9000000e+01   1.8000000e+02   2.1900000e+02   3.0600000e+02
   3.7000000e+01   1.5400000e+02   2.1300000e+02   3.4000000e+02
   1.0800000e+02   8.3000000e+01   2.3100000e+02   3.3900000e+02
   1.6200000e+02   2.3000000e+01   3.9300000e+02   3.3900000e+02
   9.8000000e+01   1.8000000e+02   2.7600000e+02   3.2800000e+02
   0.0000000e+00   2.4000000e+01   4.7800000e+02   2.8800000e+02
   0.0000000e+00   4.6000000e+01   2.1800000e+02   2.9800000e+02
   1.1100000e+02   1.2900000e+02   2.1300000e+02   3.2500000e+02
   1.5600000e+02   3.1000000e+01   4.7800000e+02   2.8900000e+02
   1.2000000e+02   7.4000000e+01   2.5900000e+02   3.4200000e+02
   3.7000000e+01   1.2000000e+02   2.1300000e+02   3.1800000e+02
   1.1500000e+02   2.3400000e+02   2.0900000e+02   3.4000000e+02
   0.0000000e+00   1.0800000e+02   2.7800000e+02   3.5200000e+02
   0.0000000e+00   4.7000000e+01   3.9400000e+02   2.9800000e+02
   1.9300000e+02   7.0000000e+01   3.0500000e+02   2.7100000e+02
   7.1000000e+01   1.8000000e+02   2.0100000e+02   3.2100000e+02
   9.6000000e+01   4.8000000e+01   2.4200000e+02   3.2600000e+02
   8.2000000e+01   1.2700000e+02   3.0000000e+02   3.0400000e+02
   9.5000000e+01   2.2300000e+02   1.9500000e+02   3.1900000e+02
   1.1100000e+02   1.5300000e+02   4.3900000e+02   3.4000000e+02
   9.1000000e+01   1.9600000e+02   1.9500000e+02   3.0500000e+02
   2.0400000e+02   7.5000000e+01   2.6000000e+02   2.6300000e+02
   6.8000000e+01   1.5300000e+02   2.1300000e+02   3.0900000e+02
   0.0000000e+00   1.7900000e+02   2.1800000e+02   3.5200000e+02
   8.7000000e+01   1.7800000e+02   2.9900000e+02   3.1000000e+02
   1.2400000e+02   1.8600000e+02   2.1300000e+02   3.0500000e+02
   3.6000000e+01   1.0200000e+02   3.1100000e+02   3.3600000e+02
   9.3000000e+01   1.5500000e+02   2.0600000e+02   3.2000000e+02
   9.8000000e+01   1.3000000e+02   2.5400000e+02   3.4100000e+02
   4.6000000e+01   7.4000000e+01   2.1800000e+02   2.5500000e+02
   6.9000000e+01   1.3000000e+02   3.6400000e+02   3.4500000e+02
   7.2000000e+01   2.2200000e+02   2.0000000e+02   3.0400000e+02
   0.0000000e+00   1.5400000e+02   3.0600000e+02   3.2400000e+02
   1.6400000e+02   6.9000000e+01   2.7200000e+02   3.0100000e+02
   2.4300000e+02   5.7000000e+01   4.4000000e+02   3.2900000e+02
   2.9000000e+01   1.5300000e+02   2.5900000e+02   3.1900000e+02
   1.2400000e+02   1.5100000e+02   2.1400000e+02   3.4000000e+02
   0.0000000e+00   1.1300000e+02   3.8400000e+02   3.3400000e+02
   1.9900000e+02   5.9000000e+01   3.8000000e+02   3.1300000e+02
   2.3200000e+02   1.5300000e+02   4.7800000e+02   3.2800000e+02
   7.3000000e+01   4.7000000e+01   4.7800000e+02   2.6900000e+02
   1.8900000e+02   5.5000000e+01   3.0400000e+02   3.1400000e+02
   2.8000000e+01   1.9100000e+02   2.1400000e+02   3.2400000e+02
   1.1300000e+02   1.7900000e+02   3.6400000e+02   3.4100000e+02
   1.2000000e+02   2.3400000e+02   1.9500000e+02   2.8600000e+02
   1.1400000e+02   1.1100000e+02   3.9200000e+02   3.3900000e+02
   5.6000000e+01   2.2300000e+02   2.0200000e+02   3.1900000e+02
   2.4300000e+02   1.5300000e+02   4.7800000e+02   2.8800000e+02
   1.8000000e+02   3.2000000e+01   3.8500000e+02   2.7700000e+02
   1.3300000e+02   9.7000000e+01   4.7800000e+02   3.0400000e+02
   1.9700000e+02   6.0000000e+01   2.8700000e+02   3.0100000e+02
   1.1300000e+02   1.3000000e+02   4.1900000e+02   3.1300000e+02
   1.5300000e+02   6.0000000e+01   3.0500000e+02   3.0100000e+02
   1.2000000e+02   1.5200000e+02   2.6000000e+02   3.4100000e+02
   1.1300000e+02   1.9100000e+02   4.3100000e+02   3.2900000e+02
   2.5000000e+02   6.0000000e+01   4.6200000e+02   2.7300000e+02
   9.3000000e+01   2.1900000e+02   2.9800000e+02   3.1900000e+02
   1.2300000e+02   1.9600000e+02   2.0000000e+02   3.1300000e+02
   1.1400000e+02   2.2400000e+02   2.9800000e+02   3.4100000e+02
   1.5800000e+02   3.2000000e+01   2.8200000e+02   2.8800000e+02
   1.8900000e+02   1.1300000e+02   3.9200000e+02   3.3000000e+02
   0.0000000e+00   2.2200000e+02   2.1200000e+02   3.5200000e+02
   1.8300000e+02   2.4000000e+01   3.2800000e+02   3.0100000e+02
   2.5000000e+02   1.9100000e+02   3.6600000e+02   3.2900000e+02
   1.1500000e+02   2.5400000e+02   2.0100000e+02   3.0400000e+02
   2.0400000e+02   5.9000000e+01   4.7800000e+02   2.3700000e+02
   2.0600000e+02   1.1300000e+02   2.5600000e+02   2.6200000e+02
   1.2000000e+02   2.0900000e+02   2.1500000e+02   3.1300000e+02
   0.0000000e+00   6.6000000e+01   2.1800000e+02   2.4900000e+02
   0.0000000e+00   1.5200000e+02   1.3800000e+02   3.5300000e+02
   1.3800000e+02   7.2000000e+01   2.6000000e+02   2.6900000e+02
